
nm,n,k
210.19	2.461007	0.3073625
210.75	2.459128	0.2977371
210.89	2.462114	0.2983381
211.32	2.460689	0.2914184
211.88	2.46157	0.2847348
212.44	2.461563	0.2775761
212.49	2.460672	0.2764344
213.01	2.460484	0.2698784
213.57	2.458439	0.2616015
214.08	2.45459	0.2529976
214.14	2.455461	0.2529775
214.7	2.451822	0.2442335
215.26	2.447611	0.2354644
215.68	2.450802	0.233191
215.83	2.44632	0.2288548
216.39	2.44653	0.2234268
216.96	2.445523	0.2172389
217.27	2.439556	0.2107038
217.52	2.442923	0.2102592
218.09	2.438754	0.2026947
218.65	2.433661	0.1949317
218.87	2.436103	0.1943627
219.21	2.428134	0.1871342
219.78	2.428651	0.1828546
220.34	2.427619	0.1778374
220.46	2.424633	0.1754155
220.91	2.424419	0.1718846
221.47	2.419418	0.165241
222.04	2.413333	0.1583712
222.06	2.413642	0.1583743
222.6	2.409572	0.1527085
223.17	2.409518	0.1488982
223.65	2.406966	0.1445952
223.73	2.407009	0.1440859
224.3	2.40187	0.1383895
224.86	2.395366	0.1323618
225.24	2.396388	0.130488
225.43	2.391114	0.1273317
225.99	2.390997	0.1240724
226.56	2.387906	0.119769
226.84	2.382508	0.1162856
227.12	2.382127	0.1146482
227.69	2.375067	0.1092977
228.25	2.373862	0.1060651
228.43	2.370185	0.1039781
228.82	2.372364	0.1028134
229.38	2.367366	0.09857776
229.95	2.360479	0.0938836
230.02	2.361339	0.0938169
230.52	2.357109	0.09042607
231.08	2.356348	0.08782704
231.62	2.351638	0.08428898
231.65	2.351814	0.08421177
232.21	2.344928	0.08008486
232.78	2.341528	0.07705373
233.21	2.34132	0.07543653
233.34	2.340637	0.07478621
233.91	2.335781	0.07153669
234.48	2.328602	0.06787627
234.8	2.330634	0.06728782
235.04	2.326953	0.06564015
235.61	2.325233	0.06343302
236.17	2.319411	0.06040399
236.39	2.319871	0.05985335
236.74	2.312209	0.05718187
237.31	2.313034	0.05578842
237.87	2.309388	0.05348823
237.98	2.309185	0.05315456
238.44	2.302573	0.05065644
239.01	2.300374	0.04880583
239.57	2.298884	0.04713073
239.58	2.298906	0.04711005
240.14	2.293008	0.0447498
240.71	2.287759	0.0425525
241.17	2.288556	0.04169377
241.27	2.287867	0.04135586
241.84	2.283084	0.03938091
242.41	2.275924	0.03711299
242.76	2.278273	0.03680101
242.97	2.276948	0.03619498
243.54	2.273018	0.03455661
244.11	2.266144	0.03255716
244.35	2.267961	0.03238499
244.67	2.266511	0.03163401
245.24	2.263229	0.03024054
245.81	2.256412	0.02847347
245.94	2.25754	0.028402
246.38	2.256598	0.02763078
246.94	2.253432	0.02640261
247.51	2.246782	0.02482822
247.53	2.246905	0.0248201
248.08	2.247294	0.0241232
248.65	2.243866	0.02299752
249.12	2.239289	0.0219208
249.21	2.237245	0.0215871
249.78	2.238504	0.02104436
250.35	2.234377	0.01998188
250.71	2.233223	0.01947066
250.92	2.229261	0.01887393
251.48	2.229905	0.01832995
252.05	2.224978	0.01731256
252.3	2.225743	0.01712819
252.62	2.222256	0.01652049
253.19	2.221386	0.01591975
253.76	2.215494	0.01495415
253.89	2.216462	0.01490025
254.32	2.215326	0.01444811
254.89	2.212535	0.01377047
255.46	2.206795	0.01291696
255.48	2.206383	0.01287034
256.03	2.208038	0.01258
256.6	2.203385	0.01186335
257.07	2.202694	0.01149616
257.16	2.201402	0.01134445
257.73	2.200118	0.01088288
258.3	2.194219	0.0101789
258.66	2.196041	0.01005931
258.87	2.195444	0.009908886
259.44	2.191502	0.009352578
260.01	2.189133	0.008912951
260.25	2.186715	0.008653427
260.58	2.188252	0.008560101
261.14	2.182527	0.007995796
261.71	2.183894	0.007782571
261.84	2.18258	0.00766314
262.28	2.179736	0.007339716
262.85	2.178249	0.007017231
263.42	2.176677	0.006705173
263.43	2.176706	0.00669373
263.99	2.171854	0.00628144
264.56	2.173085	0.006105099
265.02	2.167669	0.005730653
265.13	2.16821	0.00572326
265.7	2.168593	0.005525441
266.27	2.165503	0.005224517
266.61	2.165687	0.005115609
266.83	2.163435	0.004973089
267.4	2.162515	0.004763747
267.97	2.157886	0.004455937
268.2	2.158252	0.004402846
268.54	2.159165	0.004337381
269.11	2.154226	0.004044198
269.68	2.155198	0.003921701
269.79	2.154273	0.00387057
270.25	2.151569	0.003688248
270.82	2.150924	0.003539384
271.38	2.148743	0.003360372
271.39	2.148807	0.003358844
271.96	2.146467	0.003185685
272.53	2.14589	0.003054149
272.97	2.143762	0.002925482
273.1	2.141928	0.002861818
273.67	2.142788	0.002772814
274.24	2.137828	0.002578163
274.56	2.139347	0.002551602
274.81	2.139583	0.002512618
275.38	2.135156	0.002351317
275.95	2.136259	0.002273469
276.15	2.134618	0.002217921
276.52	2.132579	0.002130523
277.09	2.132929	0.002054746
277.66	2.129967	0.001934403
277.73	2.130306	0.001929005
278.23	2.129561	0.001855835
278.8	2.127357	0.001755002
279.32	2.12678	0.001686584
279.37	2.126313	0.001675593
279.94	2.124658	0.001597777
280.51	2.122983	0.001512917
280.91	2.121133	0.001451563
281.08	2.121871	0.001441961
281.65	2.119846	0.001366269
282.22	2.119177	0.001305929
282.5	2.119187	0.001275224
282.8	2.116906	0.001234288
283.37	2.116514	0.001182215
283.94	2.114109	0.001115678
284.09	2.112149	0.001085978
284.51	2.113837	0.001069787
285.08	2.111432	0.001009092
285.65	2.111222	0.0009613179
285.68	2.111277	0.0009662951
286.22	2.108912	0.0009132589
286.79	2.108635	0.0008749977
287.27	2.107422	0.0008390945
287.36	2.106526	0.000827086
287.93	2.105966	0.0007909413
288.51	2.104173	0.0007494472
288.85	2.102416	0.0007206636
289.08	2.10333	0.0007146112
289.65	2.102006	0.0006793204
290.22	2.100767	0.0006453506
290.44	2.101241	0.0006378829
290.79	2.099909	0.0006159249
291.36	2.098156	0.0005824808
291.93	2.097867	0.00055225
292.03	2.09713	0.0005512623
292.51	2.095527	0.0005254343
293.08	2.095876	0.0005061331
293.62	2.092725	0.0004740949
293.65	2.092891	0.0004797443
294.22	2.093833	0.0004584121
294.79	2.090186	0.0004266566
295.21	2.091666	0.000419402
295.36	2.091701	0.0004148351
295.94	2.087628	0.0003841478
296.51	2.089371	0.0003749655
296.79	2.088586	0.0003590756
297.08	2.086161	0.0003499373
297.65	2.08692	0.0003383904
298.22	2.084919	0.0003192249
298.38	2.083291	0.0003167627
298.8	2.084415	0.0003049535
299.37	2.083568	0.0002907615
299.94	2.081836	0.0002744518
299.97	2.08196	0.0002741718
300.51	2.082149	0.0002642358
301.09	2.079162	0.0002467618
301.56	2.080491	0.0002413661
301.66	2.080424	0.0002395018
302.23	2.076578	0.0002216314
302.8	2.078275	0.0002164069
303.15	2.077444	0.0002097072
303.38	2.075712	0.00020288
303.95	2.075854	0.000194959
304.52	2.07485	0.0001854444
304.73	2.073065	0.0001794116
305.09	2.073289	0.0001752466
305.67	2.073696	0.0001688662
306.24	2.070573	0.0001631307
306.32	2.070955	0.000156868
306.81	2.072125	0.0001530689
307.38	2.068992	0.000142423
307.91	2.069858	0.0001383727
307.96	2.069965	0.0001380174
308.53	2.068567	0.0001250496
309.1	2.06739	0.0001240367
309.5	2.068041	0.0001156069
309.68	2.067598	0.0001193345
310.25	2.064545	0.0001111444
310.82	2.066011	0.0001081678
311.08	2.065353	0.0001055555
311.4	2.063208	0.0001009815
311.97	2.063791	9.748377e-005
312.54	2.062902	9.285866e-005
312.67	2.062028	9.115793e-005
313.12	2.061127	8.75041e-005
313.69	2.061957	8.467988e-005
314.26	2.058451	7.83492e-005
314.26	2.058476	7.834154e-005
314.84	2.060149	7.652417e-005
315.41	2.058516	7.228883e-005
315.85	2.057167	6.906532e-005
315.98	2.057668	6.873683e-005
316.56	2.057951	6.62087e-005
317.13	2.054829	6.15348e-005
317.44	2.055902	6.086606e-005
317.7	2.056392	6.004315e-005
318.28	2.054454	5.64988e-005
318.85	2.053999	5.392606e-005
319.02	2.054408	5.347545e-005
319.43	2.05414	5.18171e-005
320	2.051181	4.818538e-005
320.57	2.05275	4.695576e-005
320.61	2.052775	4.684479e-005
321.15	2.050933	4.41548e-005
321.72	2.050356	4.755448e-005
322.2	2.050893	4.092439e-005
322.3	2.050675	4.054797e-005
322.87	2.047535	3.764397e-005
323.44	2.049108	3.672549e-005
323.79	2.048799	3.577589e-005
324.02	2.0477	3.475222e-005
324.59	2.046544	3.292599e-005
325.17	2.047208	3.186091e-005
325.37	2.046553	2.577443e-005
325.74	2.044152	2.952291e-005
326.32	2.045355	2.873377e-005
326.89	2.044695	2.741278e-005
326.96	2.044338	2.181204e-005
327.46	2.042592	2.568292e-005
328.04	2.043881	2.502539e-005
328.55	2.042238	2.368877e-005
328.61	2.041824	2.344036e-005
329.19	2.041621	2.244957e-005
329.76	2.041946	2.164661e-005
330.14	2.040183	2.063262e-005
330.34	2.038835	1.998975e-005
330.91	2.040348	1.96057e-005
331.49	2.039579	1.866699e-005
331.72	2.038194	1.80674e-005
332.06	2.037621	2.27607e-005
332.64	2.03885	1.708241e-005
333.21	2.037014	1.60827e-005
333.31	2.036341	1.583883e-005
333.79	2.036513	1.536503e-005
334.36	2.037081	1.483711e-005
334.9	2.034613	1.386616e-005
334.94	2.034345	1.381845e-005
335.51	2.035264	1.337667e-005
336.09	2.035063	1.286174e-005
336.49	2.032966	1.213581e-005
336.66	2.032384	1.193314e-005
337.24	2.033857	1.165248e-005
337.81	2.032958	1.106767e-005
338.08	2.031456	1.066051e-005
338.39	2.031115	1.041633e-005
338.97	2.032352	1.014921e-005
339.54	2.030777	9.568256e-006
339.66	2.030043	9.375894e-006
340.12	2.029858	9.047955e-006
340.69	2.030733	8.758104e-006
341.25	2.028727	8.223768e-006
341.27	2.028608	8.160314e-006
341.84	2.028531	7.849675e-006
342.42	2.029022	7.563176e-006
342.84	2.027511	1.22324e-005
342.99	2.026569	1.206719e-005
343.57	2.027175	6.794625e-006
344.15	2.027388	6.617796e-006
344.43	2.026391	6.411889e-006
344.72	2.024709	6.097592e-006
345.3	2.025829	5.995271e-006
345.87	2.025782	5.748357e-006
346.02	2.025338	5.677858e-006
346.45	2.023006	5.403219e-006
347.03	2.024431	5.285964e-006
347.6	2.02421	5.084859e-006
348.18	2.021555	4.679942e-006
348.75	2.022959	4.598261e-006
349.19	2.022959	9.36859e-006
349.33	2.022613	4.392814e-006
349.91	2.020033	4.087561e-006
350.48	2.021458	3.970424e-006
350.78	2.021636	3.893048e-006
351.06	2.021095	3.793501e-006
351.64	2.018577	3.523061e-006
352.21	2.01995	3.474632e-006
352.37	2.02014	3.417755e-006
352.79	2.019639	3.294764e-006
353.36	2.017073	7.937912e-006
353.94	2.018458	3.028937e-006
353.96	2.018489	3.040278e-006
354.52	2.018326	7.693113e-006
355.09	2.015644	2.718829e-006
355.54	2.016682	2.625296e-006
355.67	2.016972	2.608259e-006
356.25	2.017029	2.51997e-006
356.82	2.014575	2.421658e-006
357.13	2.014766	2.355357e-006
357.4	2.015467	2.304317e-006
357.98	2.015758	2.202628e-006
358.56	2.013559	2.052604e-006
358.72	2.012865	1.953448e-006
359.13	2.013852	0
359.71	2.014396	1.842687e-006
360.29	2.012575	1.733332e-006
360.31	2.012453	1.708456e-006
360.86	2.012184	1.563214e-006
361.44	2.013023	1.551359e-006
361.9	2.012177	1.469051e-006
362.02	2.011684	1.519288e-006
362.59	2.010526	1.40844e-006
363.17	2.011658	1.504101e-006
363.48	2.011532	1.440657e-006
363.75	2.010862	1.447867e-006
364.33	2.00886	6.014601e-006
364.9	2.010203	1.320342e-006
365.07	2.010358	1.305927e-006
365.48	2.009938	1.323043e-006
366.06	2.00745	1.20885e-006
366.64	2.008581	1.175225e-006
366.66	2.008628	1.202165e-006
367.21	2.00888	1.117361e-006
367.79	2.006992	1.077342e-006
368.25	2.006555	9.982035e-007
368.37	2.006871	9.839499e-007
368.95	2.00769	9.853279e-007
369.52	2.006457	9.810726e-007
369.84	2.004991	8.934304e-007
370.1	2.005047	9.442516e-007
370.68	2.006277	0
371.26	2.005817	0
371.43	2.005277	8.816638e-007
371.84	2.003418	8.201571e-007
372.41	2.00463	8.827361e-007
372.99	2.004935	0
373.01	2.004911	8.859078e-007
373.57	2.003174	8.532999e-007
374.15	2.002845	8.483794e-007
374.6	2.003681	8.190505e-007
374.73	2.003759	8.191005e-007
375.3	2.002842	7.835293e-007
375.88	2.000949	7.135775e-007
376.19	2.001713	7.225694e-007
376.46	2.002218	6.547538e-007
377.04	2.002228	5.726137e-007
377.62	2.000245	5.327049e-007
377.78	1.99957	4.692057e-007
378.19	2.000438	4.575664e-007
378.77	2.001178	4.531975e-007
379.35	2.000139	4.576256e-007
379.37	2.000096	4.29179e-007
379.93	1.998427	3.834395e-007
380.51	1.999707	4.026045e-007
380.96	1.999882	4.164087e-007
381.09	1.999698	3.873755e-007
381.66	1.997802	4.209106e-007
382.24	1.997925	4.258497e-007
382.55	1.998457	4.447041e-007
382.82	1.998706	4.546349e-007
383.4	1.997826	4.839914e-006
383.98	1.99594	4.78372e-007
384.13	1.996258	4.573706e-007
384.56	1.997176	4.365658e-007
385.14	1.997378	0
385.72	1.995783	4.806394e-006
385.72	1.99575	3.946458e-007
386.29	1.995207	4.102732e-007
386.87	1.996198	2.998991e-007
387.31	1.996004	2.922128e-007
387.45	1.995731	2.522095e-007
388.03	1.993583	2.790742e-007
388.61	1.994388	2.214827e-007
388.9	1.994823	2.711763e-007
389.19	1.994998	1.997019e-007
389.77	1.993911	2.409248e-007
390.35	1.992233	2.735428e-007
390.49	1.992579	3.053543e-007
390.93	1.993446	3.025236e-007
391.51	1.993611	3.681367e-007
392.08	1.992139	2.532988e-007
392.08	1.992138	1.945424e-007
392.66	1.991417	0
393.24	1.992452	1.462742e-007
393.67	1.99246	1.414889e-007
393.82	1.992221	1.361184e-007
394.4	1.990388	1.123743e-007
394.98	1.990538	4.35463e-006
395.26	1.991056	8.508711e-008
395.56	1.991366	3.700541e-008
396.14	1.990784	0
396.72	1.988736	3.832443e-008
396.85	1.98869	0
397.3	1.989625	8.402688e-006
397.88	1.99024	0
398.44	1.989459	3.319128e-008
398.46	1.98939	4.384235e-008
399.04	1.987534	5.836461e-008
399.62	1.988654	8.061932e-008
400.02	1.989113	9.119396e-008
400.2	1.98913	3.396607e-008
400.78	1.988078	4.113064e-009
401.36	1.986476	0
401.61	1.98701	0
401.94	1.987612	4.146392e-008
402.52	1.987944	0
403.1	1.986763	5.23149e-008
403.2	1.986416	4.165403e-006
403.68	1.985331	3.424533e-008
404.26	1.986496	0
404.79	1.986792	0
404.84	1.986756	4.483322e-009
405.42	1.985592	0
406	1.984249	4.897149e-008
406.38	1.985071	7.752006e-008
406.58	1.985388	1.144712e-007
407.16	1.985631	1.040523e-007
407.74	1.984485	1.863111e-007
407.97	1.983673	2.845656e-007
408.32	1.983104	2.722185e-007
408.9	1.984287	2.97033e-007
409.48	1.984584	0
409.56	1.984514	4.6302e-007
410.06	1.983505	4.444298e-007
410.64	1.982006	4.841059e-007
411.15	1.982976	5.317991e-007
411.22	1.983087	4.59201e-007
411.8	1.983476	4.258925e-007
412.38	1.98253	2.443923e-007
412.74	1.981359	2.889788e-007
412.96	1.980843	2.058148e-007
413.54	1.981882	6.522668e-008
414.12	1.98239	3.775497e-008
414.33	1.982296	3.980155e-006
414.7	1.981667	0
415.28	1.979795	0
415.86	1.980648	0
415.92	1.980738	0
416.45	1.981313	0
417.03	1.980861	0
417.51	1.979557	0
417.61	1.979195	0
418.19	1.979354	0
418.77	1.980178	2.843734e-008
419.1	1.980283	0
419.35	1.980037	1.206605e-008
419.93	1.978668	9.884982e-009
420.51	1.97798	9.611804e-008
420.69	1.978362	6.861135e-008
421.09	1.97897	6.04072e-008
421.67	1.979162	0
422.26	1.978134	6.76433e-008
422.28	1.978065	0
422.84	1.976657	0
423.42	1.977695	3.866901e-006
423.87	1.978128	0
424	1.978177	0
424.58	1.977546	0
425.16	1.975832	3.813166e-006
425.46	1.975664	0
425.74	1.976239	0
426.32	1.977003	7.619146e-006
426.91	1.976846	0
427.05	1.976622	0
427.49	1.975541	0
428.07	1.974694	0
428.64	1.975698	0
428.65	1.9757	0
429.23	1.976045	0
429.81	1.975245	0
430.23	1.974063	0
430.39	1.973486	0
430.98	1.974323	0
431.56	1.97502	0
431.82	1.975054	0
432.14	1.974777	1.069798e-007
432.72	1.973475	1.226776e-007
433.3	1.972756	2.295644e-008
433.41	1.97296	1.2098e-007
433.88	1.973728	2.38091e-008
434.47	1.974056	1.760411e-007
435	1.973412	8.792646e-008
435.05	1.973303	1.247518e-007
435.63	1.971637	5.257741e-008
436.21	1.972193	1.933727e-007
436.59	1.972724	1.740058e-007
436.79	1.9729	1.112949e-007
437.38	1.972813	1.184548e-007
437.96	1.971685	3.625722e-008
438.18	1.971046	0
438.54	1.970495	0
439.12	1.971512	0
439.7	1.971989	3.687596e-008
439.77	1.971986	0
440.29	1.971547	0
440.87	1.970143	0
441.36	1.969651	0
441.45	1.969831	0
442.03	1.970732	0
442.62	1.970988	0
442.95	1.970693	0
443.2	1.970251	0
443.78	1.968671	0
444.36	1.969143	0
444.54	1.969431	0
444.95	1.969903	0
445.53	1.969934	0
446.11	1.969008	0
446.13	1.968955	0
446.69	1.967509	6.39497e-008
447.28	1.968366	4.187177e-008
447.72	1.968897	8.720608e-008
447.86	1.969005	2.065126e-008
448.44	1.96888	1.295375e-007
449.02	1.96781	2.873529e-007
449.31	1.967024	2.807273e-007
449.61	1.966606	2.714709e-007
450.19	1.967533	3.549216e-007
450.77	1.968081	4.008772e-007
450.9	1.968115	3.314448e-007
451.35	1.967851	0
451.94	1.966729	3.445729e-007
452.49	1.965656	4.583713e-007
452.52	1.965677	4.324759e-007
453.1	1.966638	5.12771e-007
453.69	1.967173	6.072929e-007
454.08	1.967098	5.64406e-007
454.27	1.966896	4.780901e-007
454.85	1.965748	5.683736e-007
455.44	1.964772	4.958405e-007
455.67	1.965188	4.717412e-007
456.02	1.965723	4.257284e-007
456.6	1.966228	4.425106e-007
457.18	1.96594	0
457.26	1.965846	4.505642e-007
457.77	1.964842	3.237075e-007
458.35	1.963832	4.74587e-007
458.85	1.964641	2.915786e-007
458.93	1.964759	3.665262e-007
459.52	1.965297	2.101704e-007
460.1	1.9651	2.40167e-007
460.44	1.964576	1.808413e-007
460.68	1.964077	3.731941e-006
461.27	1.962907	1.957199e-007
461.85	1.963772	0
462.03	1.964005	0
462.43	1.964346	0
463.02	1.964284	3.447554e-008
463.6	1.963364	2.090524e-008
463.62	1.963319	7.434522e-008
464.18	1.961952	1.149512e-007
464.77	1.962708	2.274676e-007
465.21	1.963269	9.253972e-008
465.35	1.963376	1.906809e-007
465.93	1.963465	2.303259e-007
466.52	1.962734	1.5447e-007
466.81	1.962121	1.389808e-007
467.1	1.961329	1.346858e-007
467.69	1.961572	2.191319e-007
468.27	1.962348	1.852788e-007
468.4	1.962453	2.730463e-007
468.85	1.962604	0
469.44	1.962108	2.482524e-007
469.99	1.960987	2.803182e-007
470.02	1.960891	1.566632e-007
470.6	1.960371	3.771281e-006
471.19	1.961264	2.418278e-007
471.58	1.961616	2.684184e-007
471.77	1.961714	2.395021e-007
472.36	1.961487	1.698922e-008
472.94	1.960528	0
473.17	1.959977	2.181952e-008
473.52	1.959298	2.067839e-008
474.11	1.960083	0
474.69	1.960736	0
474.76	1.960769	0
475.28	1.96081	0
475.86	1.960147	0
476.35	1.9591	0
476.44	1.958859	0
477.03	1.958821	0
477.61	1.959611	0
477.94	1.959883	0
478.2	1.959996	0
478.78	1.959674	3.121356e-006
479.37	1.95869	0
479.53	1.958311	0
479.95	1.957588	0
480.53	1.958368	0
481.12	1.958985	0
481.12	1.958981	0
481.7	1.95907	0
482.29	1.958458	0
482.71	1.957611	0
482.87	1.957239	0
483.46	1.956977	3.43458e-006
484.04	1.957787	0
484.3	1.958046	0
484.63	1.958224	0
485.21	1.958054	0
485.79	1.957225	0
485.89	1.957027	0
486.38	1.955877	5.319987e-008
486.96	1.956422	0
487.49	1.957066	0
487.55	1.957121	0
488.13	1.957411	0
488.72	1.957034	0
489.08	1.956501	0
489.3	1.956052	0
489.89	1.955034	0
490.47	1.95579	0
490.67	1.956019	0
491.06	1.956385	0
491.64	1.956536	0
492.23	1.956021	2.094588e-008
492.26	1.955983	0
492.81	1.954945	4.307921e-008
493.4	1.954235	1.384645e-007
493.85	1.954885	9.358364e-008
493.98	1.955058	1.666735e-007
494.57	1.955586	2.7147e-008
495.15	1.955639	1.672163e-007
495.44	1.95543	1.121179e-007
495.74	1.955069	1.783053e-007
496.32	1.953953	1.705351e-007
496.91	1.953463	9.03342e-008
497.03	1.953658	2.544657e-007
497.49	1.95428	1.81076e-007
498.08	1.954782	1.144963e-007
498.62	1.954816	2.737007e-007
498.66	1.954798	2.099162e-007
499.25	1.954209	3.008832e-007
499.83	1.953107	3.546158e-006
500.21	1.952535	5.638788e-008
500.42	1.952666	3.553602e-007
501	1.953479	3.007627e-007
501.59	1.953976	2.925575e-007
501.8	1.95406	1.978842e-007
502.18	1.954005	3.128653e-007
502.76	1.953439	2.776312e-007
503.35	1.952382	2.03499e-007
503.39	1.952285	2.895868e-007
503.93	1.951812	2.069337e-007
504.52	1.952624	3.299049e-006
504.98	1.953064	2.681674e-007
505.1	1.95315	1.439632e-007
505.69	1.953222	0
506.27	1.952719	4.060851e-007
506.57	1.952269	2.854445e-007
506.86	1.951728	2.027827e-007
507.45	1.950948	2.352069e-007
508.03	1.951694	0
508.17	1.951843	2.397645e-007
508.62	1.952243	1.947704e-007
509.2	1.952431	3.986882e-007
509.76	1.952077	3.821422e-007
509.79	1.952047	2.214365e-007
510.37	1.951149	3.258076e-007
510.96	1.950092	2.151063e-007
511.35	1.950413	2.223787e-007
511.55	1.950686	2.946962e-007
512.13	1.951315	3.045657e-007
512.72	1.951613	3.545829e-006
512.94	1.951601	4.206172e-007
513.3	1.951387	2.49554e-007
513.89	1.950654	2.037079e-007
514.48	1.949504	3.448901e-007
514.53	1.949388	3.678605e-007
515.06	1.949624	1.645104e-007
515.65	1.950339	1.005963e-007
516.12	1.950709	1.730166e-007
516.23	1.95077	9.661251e-008
516.82	1.950754	0
517.41	1.950215	7.306462e-008
517.71	1.94976	0
517.99	1.949237	4.686037e-008
518.58	1.948567	3.094946e-008
519.16	1.949302	0
519.3	1.949452	0
519.75	1.949843	0
520.34	1.950054	0
520.89	1.949772	0
520.92	1.949737	0
521.51	1.948962	0
522.1	1.947817	0
522.48	1.947839	0
522.68	1.948111	0
523.27	1.948807	0
523.85	1.949212	5.938898e-008
524.07	1.949263	0
524.44	1.94919	9.476846e-008
525.03	1.948682	2.204425e-007
525.61	1.94776	1.119628e-007
525.66	1.947667	1.530397e-007
526.2	1.946978	2.043314e-007
526.79	1.947647	2.227947e-007
527.25	1.94812	6.252162e-008
527.37	1.948214	2.490481e-007
527.96	1.948487	3.77611e-007
528.55	1.948298	2.578504e-007
528.84	1.948023	4.271647e-007
529.13	1.947656	2.774841e-007
529.72	1.946636	3.347602e-007
530.31	1.946349	4.135347e-007
530.43	1.946529	3.592025e-007
530.89	1.947089	4.015088e-007
531.48	1.947567	4.33504e-007
532.02	1.947747	0
532.07	1.947732	4.194881e-007
532.65	1.947427	4.473891e-007
533.24	1.946709	1.383948e-007
533.61	1.946048	1.940684e-007
533.83	1.945627	2.839683e-007
534.41	1.945769	1.947741e-007
535	1.946446	0
535.2	1.946628	8.979648e-008
535.59	1.946878	0
536.17	1.946979	5.190856e-008
536.76	1.946612	0
536.8	1.94657	0
537.35	1.945844	0
537.94	1.94477	0
538.39	1.944922	0
538.52	1.945099	0
539.11	1.945764	0
539.7	1.946183	0
539.98	1.946263	0
540.28	1.946252	0
540.87	1.945874	0
541.46	1.945121	0
541.57	1.944944	0
542.05	1.944054	0
542.63	1.944415	0
543.16	1.945	0
543.22	1.945053	0
543.81	1.945478	0
544.39	1.945571	0
544.75	1.945414	0
544.98	1.945209	0
545.57	1.9445	4.435071e-008
546.16	1.943465	3.572724e-009
546.34	1.943318	0
546.74	1.943615	0
547.33	1.944275	1.07759e-007
547.92	1.944709	8.81294e-008
547.93	1.944724	1.482894e-007
548.51	1.94485	0
549.09	1.944579	9.702763e-008
549.52	1.94413	2.755351e-007
549.68	1.943922	3.822714e-007
550.27	1.942967	3.54823e-007
550.86	1.94271	2.481903e-007
551.11	1.943027	4.093452e-007
551.44	1.943397	3.632211e-007
552.03	1.943882	4.482577e-007
552.62	1.944122	3.754928e-007
552.7	1.944119	4.364222e-007
553.21	1.943951	3.189168e-007
553.79	1.943412	3.976314e-007
554.29	1.942716	3.486262e-007
554.38	1.942553	2.830707e-007
554.97	1.94188	4.690088e-007
555.56	1.942467	3.415067e-006
555.88	1.942788	2.820146e-007
556.15	1.943022	3.869175e-007
556.73	1.943347	4.037606e-007
557.32	1.943347	3.205052e-007
557.47	1.943277	4.157226e-007
557.91	1.942952	2.554624e-007
558.5	1.942225	2.262685e-007
559.06	1.941286	1.546448e-007
559.08	1.941224	3.084302e-007
559.67	1.94144	4.137672e-007
560.26	1.942068	3.607165e-007
560.64	1.942385	2.50786e-007
560.85	1.942502	2.547247e-007
561.44	1.94267	3.485839e-007
562.02	1.942465	2.655627e-007
562.23	1.942316	3.212996e-007
562.61	1.941917	2.845285e-007
563.2	1.941073	3.061102e-007
563.79	1.94045	1.124693e-008
563.82	1.940465	3.00683e-006
564.38	1.941032	3.621809e-008
564.97	1.941572	2.938287e-006
565.41	1.941847	1.750028e-007
565.55	1.941904	0
566.14	1.941936	1.491625e-007
566.73	1.941592	0
567	1.941334	0
567.32	1.940947	0
567.91	1.940043	0
568.49	1.939868	0
568.59	1.939991	0
569.08	1.940512	0
569.67	1.941007	0
570.18	1.941239	0
570.26	1.941268	0
570.85	1.941193	0
571.44	1.940778	0
571.77	1.940413	0
572.02	1.940067	0
572.61	1.939137	0
573.2	1.93934	0
573.36	1.939521	0
573.79	1.939948	0
574.38	1.940392	0
574.95	1.940592	0
574.97	1.940595	0
575.56	1.940477	0
576.14	1.940029	0
576.54	1.93957	0
576.73	1.939301	0
577.32	1.938365	0
577.91	1.938711	0
578.13	1.938945	0
578.5	1.939302	0
579.09	1.939705	0
579.68	1.939903	0
579.72	1.939909	0
580.26	1.939784	0
580.85	1.93933	0
581.31	1.938816	2.398051e-006
581.44	1.938625	2.608056e-006
582.03	1.937702	0
582.62	1.937973	0
582.89	1.938265	0
583.21	1.938574	0
583.8	1.939001	0
584.39	1.93921	1.614124e-007
584.48	1.93923	0
584.98	1.939118	0
585.56	1.938726	1.466994e-008
586.07	1.938182	2.772135e-006
586.15	1.938067	1.356058e-008
586.74	1.937184	7.334935e-008
587.33	1.937196	1.529169e-008
587.66	1.937542	9.083403e-008
587.92	1.937803	1.607382e-007
588.51	1.938255	1.151895e-007
589.1	1.938529	1.661091e-007
589.25	1.938544	0
589.69	1.938515	1.315476e-008
590.28	1.938202	2.773189e-007
590.84	1.937661	2.420877e-007
590.87	1.937631	2.915973e-008
591.45	1.936817	2.399942e-007
592.04	1.936425	0
592.43	1.936761	1.080161e-007
592.63	1.936981	1.137211e-007
593.22	1.937493	0
593.81	1.93782	1.470383e-007
594.01	1.9379	2.286895e-007
594.4	1.93793	2.769667e-006
594.99	1.937732	2.403894e-007
595.58	1.937266	1.584879e-007
595.6	1.937238	2.131779e-007
596.17	1.936565	1.689574e-007
596.76	1.935743	2.981655e-006
597.19	1.935915	4.396961e-008
597.35	1.936075	1.976596e-008
597.94	1.936635	3.814062e-007
598.53	1.937066	0
598.78	1.937191	2.526218e-007
599.12	1.937284	1.979073e-007
599.7	1.93725	5.17585e-008
600.29	1.936925	8.19088e-008
600.37	1.936864	1.029797e-007
600.88	1.93636	1.218844e-007
601.47	1.935579	1.098906e-007
601.95	1.935154	8.48817e-008
602.06	1.93517	2.080611e-007
602.65	1.935697	1.752497e-007
603.24	1.936197	0
603.54	1.936397	2.859676e-006
603.83	1.936546	6.54651e-008
604.42	1.936689	0
605.01	1.936534	0
605.13	1.936474	0
605.6	1.936128	5.571729e-008
606.19	1.935503	0
606.72	1.934784	0
606.78	1.934683	0
607.37	1.934612	0
607.96	1.935188	0
608.3	1.935477	2.624927e-006
608.55	1.935636	0
609.14	1.93593	0
609.73	1.93602	0
609.89	1.935993	0
610.32	1.935824	0
610.91	1.935393	0
611.48	1.934757	0
611.5	1.934724	0
612.09	1.933905	0
612.68	1.934013	0
613.07	1.93441	0
613.27	1.934583	0
613.86	1.935005	0
614.45	1.935295	0
614.65	1.935339	0
615.04	1.935359	3.651937e-008
615.63	1.935156	2.153565e-008
616.22	1.934719	0
616.24	1.934696	0
616.81	1.934074	0
617.4	1.933287	0
617.83	1.93324	0
617.99	1.933354	6.082547e-008
618.58	1.93391	0
619.17	1.934363	0
619.42	1.9345	0
619.76	1.934645	0
620.35	1.934741	0
620.94	1.934571	0
621	1.934529	0
621.53	1.934169	2.973512e-008
622.12	1.933574	0
622.59	1.932992	0
622.71	1.932818	0
623.3	1.932639	0
623.89	1.933224	0
624.18	1.933452	0
624.48	1.93367	0
625.07	1.933984	0
625.66	1.934141	0
625.76	1.934134	0
626.25	1.934035	0
626.84	1.933699	0
627.35	1.933258	0
627.43	1.933189	0
628.02	1.932479	0
628.61	1.932006	0
628.94	1.932151	0
629.2	1.93241	0
629.79	1.932892	0
630.38	1.933271	0
630.52	1.93333	0
630.98	1.933486	0
631.57	1.933488	0
632.11	1.933281	0
632.16	1.933257	0
632.75	1.932828	0
633.34	1.932213	0
633.69	1.931768	0
633.93	1.931459	0
634.52	1.931499	0
635.11	1.932039	0
635.28	1.932173	0
635.7	1.932469	0
636.29	1.932759	0
636.87	1.932901	0
636.88	1.932896	0
637.47	1.932814	0
638.06	1.932503	0
638.45	1.932199	0
638.65	1.93202	0
639.24	1.93135	0
639.84	1.930769	0
640.04	1.930806	2.077343e-006
640.43	1.931078	2.139039e-006
641.02	1.931577	1.945741e-006
641.61	1.931957	0
641.62	1.931973	0
642.2	1.932214	0
642.79	1.932303	0
643.21	1.932224	0
643.38	1.932163	0
643.97	1.93182	0
644.56	1.9313	4.974194e-008
644.8	1.931062	0
645.15	1.930638	2.233988e-007
645.74	1.930191	5.32959e-008
646.34	1.930563	0
646.38	1.930594	1.046509e-007
646.93	1.931029	3.181171e-007
647.52	1.931406	2.61981e-008
647.97	1.931595	3.639583e-007
648.11	1.931646	4.056771e-007
648.7	1.931702	4.214905e-007
649.29	1.931566	6.320111e-007
649.55	1.93143	3.22084e-007
649.88	1.931203	5.046723e-007
650.47	1.930703	4.850766e-007
651.06	1.930044	5.985165e-007
651.14	1.929948	4.226215e-007
651.66	1.929593	4.691073e-007
652.25	1.92994	6.623334e-007
652.72	1.93033	5.940555e-007
652.84	1.930416	6.123424e-007
653.43	1.93079	4.325232e-007
654.02	1.931042	4.057959e-007
654.31	1.931099	2.887759e-006
654.61	1.931117	5.397934e-007
655.2	1.931007	6.039845e-007
655.79	1.930697	3.293483e-007
655.89	1.930619	3.301297e-007
656.39	1.930217	1.947754e-007
656.98	1.929604	2.81722e-007
657.48	1.928991	2.635869e-007
657.57	1.929004	3.007443e-007
658.16	1.92926	2.798879e-006
658.75	1.929749	8.194457e-008
659.06	1.929973	2.115133e-007
659.34	1.930144	0
659.93	1.930421	0
660.53	1.930557	5.722509e-008
660.65	1.930571	1.543244e-007
661.12	1.930509	2.189671e-007
661.71	1.930259	0
662.23	1.92991	0
662.3	1.929842	0
662.89	1.929286	0
663.48	1.928621	2.548681e-006
663.82	1.928477	0
664.08	1.928519	0
664.67	1.929019	7.224546e-008
665.26	1.929443	9.577474e-008
665.4	1.929537	0
665.85	1.929762	2.818792e-007
666.44	1.929965	7.908906e-008
666.99	1.930013	4.129729e-007
667.03	1.930015	4.276136e-007
667.63	1.929865	3.624602e-007
668.22	1.929535	3.573792e-007
668.57	1.929265	3.863171e-007
668.81	1.929054	2.31364e-007
669.4	1.928449	6.179968e-008
669.99	1.927904	1.968628e-007
670.15	1.92793	2.962146e-006
670.58	1.928158	2.475795e-006
671.18	1.928622	2.391324e-007
671.74	1.928975	8.84781e-008
671.77	1.929007	1.257011e-007
672.36	1.929269	2.591855e-006
672.95	1.929426	2.014613e-007
673.32	1.929432	0
673.54	1.929407	0
674.14	1.929195	7.641604e-008
674.73	1.92883	0
674.91	1.928696	0
675.32	1.928338	2.353792e-008
675.91	1.927707	0
676.49	1.927344	0
676.5	1.927335	0
677.1	1.927675	0
677.69	1.928114	0
678.07	1.928362	0
678.28	1.928477	0
678.87	1.928722	0
679.46	1.928859	0
679.66	1.928868	0
680.06	1.928813	0
680.65	1.928597	0
681.24	1.928232	0
681.83	1.927739	0
682.42	1.927116	0
682.82	1.92675	0
683.02	1.926785	2.023273e-006
683.61	1.927105	0
684.2	1.927539	0
684.41	1.927673	0
684.79	1.927895	0
685.39	1.928144	0
685.98	1.928286	0
685.99	1.928277	0
686.57	1.928256	0
687.16	1.928056	0
687.57	1.927839	3.111324e-008
687.75	1.927719	0
688.35	1.927253	0
688.94	1.926671	0
689.16	1.926435	0
689.53	1.926195	0
690.12	1.92644	0
690.72	1.926875	5.600719e-008
690.74	1.926899	1.034754e-007
691.31	1.927261	0
691.9	1.927532	5.811454e-008
692.32	1.927666	0
692.49	1.927704	0
693.09	1.927736	1.676335e-007
693.68	1.927594	2.009901e-008
693.91	1.927513	6.281019e-008
694.27	1.927309	0
694.86	1.926898	0
695.46	1.926368	0
695.49	1.926337	0
696.05	1.925749	1.474251e-007
696.64	1.925722	2.464182e-006
697.07	1.92604	1.35305e-007
697.23	1.926164	0
697.83	1.92656	0
698.42	1.926883	0
698.66	1.926989	0
699.01	1.927112	0
699.6	1.927214	0
700.2	1.927167	0
700.24	1.927157	0
700.79	1.926957	0
701.38	1.926633	0
701.82	1.926298	0
701.97	1.926177	0
702.57	1.92563	0
703.16	1.92516	0
703.4	1.925187	2.328195e-006
703.75	1.925352	2.207819e-006
704.35	1.925797	0
704.94	1.926166	6.173788e-008
704.99	1.926202	0
705.53	1.926466	0
706.12	1.926645	0
706.57	1.926719	2.835229e-008
706.72	1.926712	1.329511e-007
707.31	1.926626	1.221242e-007
707.9	1.926391	0
708.15	1.926274	2.101957e-006
708.5	1.926041	0
709.09	1.925575	0
709.68	1.925018	1.668529e-007
709.73	1.924969	0
710.27	1.924656	4.129948e-007
710.87	1.924903	2.138849e-007
711.32	1.92522	2.586101e-007
711.46	1.925331	1.382764e-007
712.05	1.925688	1.697276e-007
712.65	1.925947	2.50925e-007
712.9	1.926036	3.764823e-007
713.24	1.926121	1.937583e-007
713.83	1.926187	3.840889e-007
714.43	1.926096	3.124938e-007
714.48	1.926092	4.10848e-007
715.02	1.925873	2.452865e-007
715.61	1.925522	2.605009e-007
716.06	1.925192	2.632693e-007
716.21	1.925083	4.152757e-007
716.8	1.92453	4.222008e-007
717.39	1.924116	2.257125e-007
717.64	1.924147	3.424422e-007
717.98	1.924322	4.033331e-007
718.58	1.924742	2.912931e-007
719.17	1.925104	4.492918e-007
719.23	1.925122	4.782909e-007
719.76	1.925379	4.198715e-007
720.36	1.925567	4.9151e-007
720.81	1.925648	4.731858e-007
720.95	1.925662	7.932326e-008
721.54	1.925603	5.034413e-007
722.14	1.925409	5.344551e-007
722.39	1.925292	4.487077e-007
722.73	1.925103	1.348844e-007
723.32	1.924689	4.693733e-007
723.92	1.924182	2.303449e-008
723.97	1.924131	5.387577e-008
724.51	1.923607	2.499003e-006
725.1	1.923636	2.505722e-007
725.55	1.923968	2.801072e-006
725.7	1.924069	2.652898e-006
726.29	1.924444	4.414684e-007
726.88	1.924748	0
727.13	1.924866	6.136817e-008
727.48	1.924976	2.779819e-007
728.07	1.925117	0
728.66	1.925127	2.704297e-007
728.72	1.925119	1.063069e-007
729.26	1.925001	0
729.85	1.924755	1.048306e-007
730.3	1.92451	3.312368e-007
730.45	1.924413	2.159203e-007
731.04	1.923965	7.589785e-008
731.63	1.923435	0
731.88	1.923198	2.326643e-007
732.23	1.923095	1.577277e-007
732.82	1.923297	2.153471e-006
733.41	1.923714	0
733.46	1.923742	4.374775e-007
734.01	1.924059	9.793525e-008
734.6	1.924327	3.292985e-007
735.04	1.924479	2.929583e-007
735.19	1.924523	4.12479e-007
735.79	1.924621	3.716948e-007
736.38	1.924601	3.325526e-007
736.62	1.924544	4.24298e-007
736.97	1.924448	3.995304e-007
737.57	1.924181	5.633747e-007
738.16	1.923815	5.288414e-007
738.21	1.923787	3.238161e-007
738.76	1.923359	7.601913e-007
739.35	1.922833	7.331894e-007
739.79	1.922571	3.364627e-007
739.94	1.922598	6.578584e-007
740.54	1.922859	5.853539e-007
741.13	1.923246	8.220487e-007
741.37	1.923396	0
741.73	1.923577	1.081752e-006
742.32	1.923851	1.018939e-006
742.91	1.924038	1.433854e-006
742.95	1.924038	1.427041e-006
743.51	1.92413	8.654304e-007
744.1	1.924101	0
744.53	1.924	0
744.69	1.923958	1.485428e-006
745.29	1.923696	1.117776e-006
745.88	1.923348	1.328404e-006
746.11	1.923185	1.187509e-006
746.48	1.922911	1.533812e-006
747.07	1.922402	1.765924e-006
747.66	1.922107	1.382376e-006
747.7	1.922111	1.404791e-006
748.26	1.922317	1.515372e-006
748.85	1.922717	1.704648e-006
749.28	1.92296	1.585724e-006
749.45	1.923041	1.608937e-006
750.04	1.923324	1.827555e-006
750.63	1.923517	1.421573e-006
750.86	1.923565	1.97848e-006
751.23	1.923628	1.817489e-006
751.82	1.923644	1.734863e-006
752.42	1.92353	1.859301e-006
752.44	1.923517	1.849221e-006
753.01	1.923298	2.054368e-006
753.61	1.922989	1.919855e-006
754.02	1.922717	2.015858e-006
754.2	1.922591	2.019741e-006
754.79	1.922121	1.93612e-006
755.39	1.921612	2.036524e-006
755.6	1.921633	1.880986e-006
755.98	1.921669	1.796394e-006
756.58	1.922074	2.006996e-006
757.17	1.922426	1.904887e-006
757.18	1.922445	2.081872e-006
757.76	1.922726	1.985228e-006
758.36	1.92295	1.837291e-006
758.77	1.923069	0
758.95	1.923103	2.225184e-006
759.55	1.923174	1.928687e-006
760.14	1.923125	1.986985e-006
760.35	1.923073	2.039412e-006
760.74	1.922969	1.781476e-006
761.33	1.922697	1.664612e-006
761.92	1.922355	1.724847e-006
761.93	1.922357	1.433897e-006
762.52	1.921932	1.806767e-006
763.11	1.921437	1.675224e-006
763.51	1.921114	1.735006e-006
763.71	1.92114	1.765791e-006
764.3	1.9213	3.87896e-006
764.9	1.921685	1.487082e-006
765.09	1.921799	1.544594e-006
765.49	1.922025	1.375374e-006
766.09	1.922294	1.415073e-006
766.67	1.922495	1.329822e-006
766.68	1.922494	1.335353e-006
767.27	1.922625	1.378293e-006
767.87	1.922676	1.559441e-006
768.26	1.922645	1.48949e-006
768.46	1.922609	1.316463e-006
769.06	1.922431	1.181656e-006
769.65	1.922169	1.259619e-006
769.84	1.922071	1.267703e-006
770.25	1.921826	1.282488e-006
770.84	1.921399	1.15265e-006
771.42	1.920945	1.208289e-006
771.44	1.920924	1.173211e-006
772.03	1.92065	1.258452e-006
772.63	1.920829	1.313883e-006
773	1.921058	1.332776e-006
773.22	1.921194	1.396254e-006
773.82	1.921516	1.221019e-006
774.41	1.921788	1.297347e-006
774.58	1.921851	1.283604e-006
775	1.922005	1.330812e-006
775.6	1.922125	1.204209e-006
776.16	1.922184	1.32595e-006
776.19	1.922184	1.028258e-006
776.79	1.922124	0
777.38	1.921961	1.238489e-006
777.75	1.921829	1.178052e-006
777.98	1.921718	1.211147e-006
778.57	1.921401	1.012701e-006
779.17	1.921011	1.075294e-006
779.33	1.920895	1.094473e-006
779.76	1.920557	1.113305e-006
780.36	1.920149	1.178532e-006
780.91	1.9202	1.011257e-006
782.49	1.921111	1.172858e-006
784.08	1.92164	1.077525e-006
785.66	1.92159	1.186036e-006
787.24	1.920906	1.268099e-006
788.82	1.919748	9.662782e-007
790.41	1.920223	8.55286e-007
791.99	1.920953	9.892675e-007
793.57	1.921229	8.572228e-007
795.15	1.920886	7.303893e-007
796.74	1.920003	5.773666e-007
798.32	1.919255	6.713027e-007
799.9	1.920077	4.043434e-007
801.49	1.920643	3.514785e-007
803.07	1.920732	2.250701e-007
804.65	1.920214	3.017006e-007
806.24	1.919215	1.625132e-007
807.82	1.918982	1.860886e-007
809.41	1.9198	4.322216e-007
810.99	1.92026	2.716554e-007
812.57	1.920215	0
814.16	1.919608	2.51807e-006
815.74	1.918585	2.365845e-007
817.33	1.918647	0
818.91	1.919415	3.171756e-007
820.5	1.91982	1.407709e-007
822.09	1.919727	2.112517e-007
823.67	1.919118	4.499619e-007
825.26	1.9181	2.793772e-007
826.84	1.918205	3.338411e-007
828.43	1.918943	4.763074e-007
830.02	1.919355	0
831.6	1.919314	0
833.19	1.918745	1.391736e-008
834.78	1.917788	0
836.37	1.917634	0
837.95	1.918403	0
839.54	1.918881	0
841.13	1.91893	0
842.72	1.918484	0
844.31	1.917623	0
845.9	1.917034	0
847.49	1.917796	0
849.08	1.918353	0
850.67	1.918549	0
852.26	1.918273	0
853.85	1.917569	0
855.44	1.916567	0
857.03	1.917056	0
858.63	1.917726	0
860.22	1.9181	0
861.81	1.918054	0
863.4	1.917559	0
865	1.916714	0
866.59	1.916196	0
868.19	1.916958	0
869.78	1.917492	0
871.38	1.917724	0
872.97	1.917499	0
874.57	1.916897	0
876.17	1.915979	0
877.76	1.916001	0
879.36	1.916703	0
880.96	1.917162	1.221283e-007
882.56	1.917299	0
884.16	1.916996	0
885.76	1.916343	0
887.36	1.915418	2.168224e-006
888.96	1.915694	0
890.56	1.916367	0
892.16	1.91679	0
893.76	1.916891	0
895.36	1.916583	0
896.97	1.915946	0
898.57	1.915034	0
900.18	1.915285	0
901.78	1.915947	0
903.39	1.916374	0
904.99	1.916517	2.15291e-007
906.6	1.916244	0
908.21	1.915647	0
909.82	1.914796	0
911.43	1.914729	0
913.04	1.915415	0
914.65	1.915887	0
916.26	1.916093	3.080862e-007
917.87	1.915931	0
919.48	1.91543	0
921.1	1.914661	0
922.71	1.91415	1.834409e-008
924.33	1.914766	1.298438e-008
925.94	1.915319	0
927.56	1.91563	4.298158e-007
929.18	1.915633	9.128053e-008
930.8	1.915291	4.539957e-007
932.41	1.914657	0
934.03	1.913801	1.084207e-007
935.66	1.914027	1.045167e-007
937.28	1.914663	1.073601e-007
938.9	1.915108	1.017635e-007
940.52	1.915306	1.026498e-007
942.15	1.915164	1.021412e-007
943.77	1.914706	9.461312e-008
945.4	1.914013	9.21566e-008
947.03	1.91338	8.658626e-008
948.65	1.91387	8.745216e-008
950.28	1.914438	0
951.91	1.914815	8.21288e-008
953.54	1.914928	2.011162e-006
955.18	1.914707	8.010914e-008
956.81	1.914217	1.998858e-006
958.44	1.913492	7.497792e-008
960.08	1.913004	7.559769e-008
961.72	1.913566	7.249762e-008
963.35	1.914101	6.995676e-008
964.99	1.914439	6.714173e-008
966.63	1.914527	6.429481e-008
968.27	1.914296	0
969.91	1.913802	5.873593e-008
971.56	1.9131	0
973.2	1.912625	4.97256e-008
974.85	1.913161	5.029887e-008
976.49	1.913704	3.901148e-008
978.14	1.914058	4.454207e-008
979.79	1.914174	4.640462e-007
981.44	1.913982	4.210161e-008
983.09	1.913533	3.927763e-008
984.75	1.91288	4.462655e-008
986.4	1.912266	4.018688e-008
988.06	1.912684	1.931318e-006
989.71	1.913252	3.76263e-008