nm n k
206.8	1.01	2.9090000000000003
207.4916387959866	1.036	2.9280000000000004
208.18791946308727	1.0459999999999998	2.928
208.88888888888886	1.066	2.9370000000000003
209.5945945945946	1.07	2.963
210.3050847457627	1.082999946200844	2.982000148133972
211.02040816326533	1.0879999999999999	2.987
211.740614334471	1.101999946214673	3.005000146665078
212.46575342465755	1.1089999462699351	3.015000146074079
213.1958762886598	1.1189999462163343	3.025000145393742
213.93103448275863	1.1330002717011531	3.04500059370682
214.6712802768166	1.1390000900905768	3.0610001968680667
215.41666666666669	1.155000177965747	3.07300039230406
216.16724738675958	1.1640000000000001	3.086
216.92307692307693	1.1719720072502693	3.098954563361364
217.68421052631578	1.179999685111672	3.1119995592646936
218.45070422535213	1.1949999999999998	3.135
219.2226148409894	1.210999946834766	3.150000138291077
220	1.222000052965347	3.168999862645518
220.7829181494662	1.2350000000000003	3.19
221.5714285714286	1.2469999473103595	3.2060001354635093
222.36559139784947	1.265	3.2279999999999998
223.1654676258993	1.2800000525951414	3.2449998666631044
223.97111913357404	1.2990000000000002	3.267
224.7826086956522	1.3189999473704648	3.2850001310750794
225.6	1.34	3.302
226.42335766423355	1.3619999999999999	3.319
227.25274725274727	1.389000074550337	3.3340001810289155
228.08823529411762	1.4160008133020967	3.350000194518233
228.92988929889302	1.4450008076864067	3.359000198602907
229.77777777777777	1.4710009118633944	3.3659999528673406
230.63197026022308	1.5019997523425155	3.367999889554181
231.49253731343282	1.5260004926821396	3.368000223228338
232.35955056179776	1.5479994529198693	3.363999896884691
233.23308270676694	1.5660006032696712	3.357999983537965
234.11320754716982	1.5789995117884568	3.352999770090685
235	1.585	3.346
235.893536121673	1.59	3.344
236.793893129771	1.591000185837177	3.344000237938678
237.70114942528738	1.5920003015970179	3.3469999940670743
238.6153846153846	1.5890005455175604	3.347000109598908
239.53667953667954	1.5860004865041015	3.3630002294366927
240.46511627906978	1.5819995711541246	3.3759996509377537
241.40077821011673	1.5789997575573131	3.388999887041316
242.34374999999997	1.5730002418943816	3.4080001116490277
243.29411764705884	1.5710002962516272	3.4289999899129047
244.25196850393704	1.57	3.451
245.21739130434787	1.5689995527200047	3.476999079153685
246.1904761904762	1.5679995244505875	3.5039997871970927
247.1713147410359	1.5689994221703105	3.5330000264323194
248.16000000000003	1.5699997413360418	3.5650005873485124
249.15662650602408	1.5749999489505848	3.598000116619557
250.16129032258067	1.580000201430133	3.631999536965728
251.17408906882588	1.5840001982732004	3.6699995406170745
252.1951219512195	1.5910002277141782	3.7090000976795037
253.22448979591834	1.597000547713054	3.748999966577193
254.26229508196724	1.6079994103476065	3.7890001456424165
255.30864197530863	1.618000686516318	3.835001463046302
256.3636363636364	1.6289999540039481	3.880000109554749
257.42738589211615	1.6430004432491294	3.9279995489456
258.50000000000006	1.6579994378788943	3.9790001427502775
259.581589958159	1.6730000719240068	4.031001022160344
260.6722689075631	1.6919997911580094	4.0879999135614895
261.77215189873414	1.7130000982701135	4.148998594441004
262.8813559322034	1.7369996778264896	4.210999629633008
264	1.7649993720964348	4.277998689048514
265.12820512820514	1.7940001620527872	4.349999607062675
266.26609442060084	1.8309994410478174	4.425998074233361
267.4137931034483	1.874000189201233	4.50600007868689
268.57142857142856	1.9270000388799218	4.589999907390328
269.7391304347826	1.9879987551392466	4.677998402141155
270.9170305676856	2.059000014237898	4.763999481384487
272.10526315789474	2.140000038088593	4.848999913695522
273.30396475770925	2.2339997778364573	4.9329995953145325
274.5132743362832	2.339000163859685	5.0110000764852956
275.73333333333335	2.450999796209248	5.081999606554272
276.9642857142857	2.5719998445515473	5.147999922336167
278.20627802690586	2.700000235516925	5.205999545888518
279.4594594594595	2.832999852587931	5.2569999205595614
280.7239819004525	2.9739998565598373	5.303999919571826
282	3.1200027451678225	5.344000105712457
283.28767123287673	3.277002935463771	5.381000672647994
284.5871559633028	3.443999868504563	5.413999916351998
285.89861751152074	3.6339999574922848	5.435000063574417
287.22222222222223	3.848999877493161	5.438999913305972
288.55813953488376	4.086003952541254	5.394998452287336
289.9065420560748	4.3180034264103515	5.300997414684479
291.2676056338029	4.525002787243187	5.157996822852707
292.64150943396226	4.685996773359509	4.989002581672587
294.0284360189574	4.805000015586018	4.811999984391275
295.4285714285714	4.887998610702841	4.639002955186911
296.8421052631579	4.940999118850015	4.480002822820162
298.2692307692307	4.977000114248977	4.334999900488387
299.71014492753625	4.998999960047927	4.203999833558414
301.1650485436893	5.011999864500136	4.085999711423066
302.63414634146346	5.019999990983078	3.9790019991789536
304.11764705882354	5.020999485332352	3.88500139404193
305.61576354679806	5.020000253374093	3.7979998083038335
307.1287128712871	5.0180003858147755	3.719999713983489
308.6567164179105	5.014999674119786	3.650000237181028
310.2	5.009999934021076	3.587000047238804
311.7587939698493	5.008999906003426	3.52899986658293
313.3333333333333	5.0100001387484525	3.476998905702951
314.9238578680203	5.008999906942339	3.4289998640636266
316.53061224489795	5.011999951893044	3.385999633457729
318.1538461538462	5.015999907965601	3.345999862030918
319.7938144329897	5.020999930585012	3.310000045760528
321.4507772020725	5.028999581108267	3.2750002727919156
323.12500000000006	5.039999578972743	3.2420002708274764
324.81675392670155	5.05199960930113	3.210999852441412
326.5263157894737	5.0649999292189465	3.182000044466992
328.2539682539683	5.078999556526425	3.1540000785027935
330	5.094999928728119	3.128000043756319
331.7647058823529	5.114999571270923	3.10300026008728
333.5483870967742	5.133999555948632	3.079000071529839
335.35135135135135	5.15600002671439	3.05800037205341
337.17391304347825	5.178999915718095	3.038999856368545
339.016393442623	5.204000442746751	3.0209999351387578
340.8791208791209	5.23100040955455	3.0069993822347008
342.76243093922653	5.260999569337013	2.995000245169312
344.66666666666663	5.295999337026138	2.986999996280764
346.5921787709497	5.336000373817408	2.983000165836321
348.5393258426966	5.382999629299098	2.983999833953452
350.50847457627117	5.441999943319619	2.989000398643455
352.5	5.514999720116299	2.999000152197871
354.51428571428573	5.610000414978723	3.0139997770506626
356.55172413793105	5.73300166363385	3.0260003428995987
358.61271676300584	5.8940000636997	3.02299962800065
360.69767441860466	6.089000328433238	2.9820001676157046
362.8070175438597	6.307999923062577	2.8810003521966934
364.9411764705883	6.522000065411644	2.7049999728705156
367.1005917159764	6.695001074674766	2.4559966184618984
369.28571428571433	6.795999225764953	2.169003337156916
371.49700598802394	6.828999931890002	1.8700000186507095
373.7349397590362	6.798999874778358	1.5770032648146695
376.00000000000006	6.709001310770411	1.3210028720328695
378.2926829268293	6.585000369161314	1.1099999377723566
380.6134969325154	6.452000075867807	0.94499998888793
382.96296296296293	6.315999922132515	0.8150000100478164
385.34161490683226	6.185000079777585	0.7139999907904292
387.75	6.061999673601188	0.6300000339213562
390.188679245283	5.947999750037993	0.5610000235757715
392.65822784810126	5.84200008495233	0.5049999926564668
395.15923566878985	5.743999100642221	0.4559996361606584
397.6923076923077	5.654000911925759	0.41600037506871806
400.258064516129	5.570000828845953	0.3870003014787004
402.8571428571429	5.49299963741465	0.35500002343306103
405.4901960784314	5.42000009191226	0.3289999944208242
408.15789473684214	5.349000756153689	0.3130001427040183
410.8609271523179	5.283999528304173	0.29100002597719365
413.6	5.221999713513938	0.2690000147577095
416.37583892617454	5.163999903411355	0.25500000476957796
419.1891891891892	5.109000488218944	0.2439999766832215
422.04081632653066	5.058	0.22799999999999812
424.9315068493151	5.0089999999999995	0.21099999999999902
427.86206896551727	4.960998784353553	0.20299984817094022
430.83333333333337	4.915998976479331	0.19399983697372727
433.84615384615387	4.872000102479494	0.1849999961086435
436.90140845070425	4.830999379919838	0.18500002374557142
440	4.790999895768886	0.1700000036984537
443.1428571428572	4.753	0.16300000000000087
446.3309352517986	4.717999682385442	0.14900001003064237
449.5652173913044	4.68199967994822	0.14900001018532846
452.8467153284671	4.647999462574258	0.13300001537815007
456.17647058823525	4.614999566979438	0.13100001229159458
459.55555555555554	4.58300010901113	0.12999999690781927
462.98507462686564	4.553000219453727	0.1309999936858233
466.4661654135339	4.521999109664322	0.13399980524210905
470	4.494999444222539	0.12000001483722021
473.587786259542	4.466000447504922	0.11999998797568531
477.2307692307692	4.441999549937098	0.09000000911878302
480.93023255813955	4.4159999999999995	0.09400000000000272
484.68749999999994	4.390999772127617	0.08299999292037855
488.5039370078741	4.367000228915233	0.07899999585886903
492.3809523809524	4.343	0.07700000000000047
496.32000000000005	4.319999884292298	0.07300000195524359
500.32258064516134	4.297999418501819	0.07300000987654127
504.390243902439	4.276999649370364	0.06600000541069881
508.5245901639345	4.254999882524822	0.07200000198782862
512.7272727272727	4.235000590200265	0.059999991638247784
517.0000000000001	4.215000592999608	0.0599999915587262
521.3445378151262	4.196000000000001	0.056000000000012144
525.7627118644068	4.1770000000000005	0.05300000000000896
530.2564102564103	4.158999759583279	0.04300000248568072
534.8275862068966	4.139999396206559	0.04500000656298362
539.4782608695652	4.12300060599005	0.04799996869087333
544.2105263157895	4.106	0.043999999999986675
549.0265486725664	4.089000611325598	0.043999993421773465
553.9285714285714	4.072999386239656	0.03200000482207506
558.918918918919	4.0570006161647765	0.03799999422867756
564	4.042000000097927	0.03200001236934139
569.1743119266056	4.026	0.033999999999999045
574.4444444444445	4.011200568376624	0.029999995749083613
579.8130841121496	3.997000000168996	0.027000025017617977
585.2830188679245	3.983000125337301	0.029999973949266196
590.8571428571428	3.9689998740308785	0.030000000952151502
596.5384615384614	3.9560003791532	0.026999997412254666
602.3300970873786	3.9429994927923584	0.02500000321586932
608.2352941176471	3.931000508755783	0.02499999676446102
614.2574257425742	3.9180002552226765	0.023999998436614392
620.4	3.905999743991728	0.022000001441920675
626.6666666666666	3.8929993576970285	0.02199997794262634
633.0612244897959	3.881999613547435	0.018999989011495782
639.5876288659794	3.870000516784651	0.01799999759634207
646.2500000000001	3.8580006479915108	0.016999997144675462
653.0526315789474	3.8469996100925057	0.01600000162165518
660	3.836999609076363	0.01600000163012063
667.0967741935484	3.825999869317218	0.015000000512343035
674.3478260869565	3.8150001310598314	0.013999999519046484
681.7582417582418	3.805000525618007	0.012999998204191811
689.3333333333333	3.796000395148137	0.012999998646743843
697.0786516853932	3.787	0.012999999999986217
705	3.778	0.011999999999987496
713.1034482758621	3.7679996019141995	0.011000001162142744
721.3953488372093	3.761	0.011000000000001715
729.8823529411766	3.7519994669547083	0.010000001420674037
738.5714285714287	3.7449993324479576	0.010000001782517868
747.4698795180724	3.736000669173835	0.009000003741290324
756.5853658536586	3.727999597641808	0.009000000971358618
765.9259259259259	3.7210004031155566	0.00799999913330835
775.5	3.7139997307497588	0.008000000579984488
785.3164556962025	3.7139997307497588	0.008000000579984488
795.3846153846154	3.697000000010243	0.007000005409810915
805.7142857142858	3.688000271148947	0.005999999558846614
816.3157894736843	3.6810006791614036	0.005999998892934758
827.2	3.672999455486947	0.005000000741267828
